-0.499444 -0.0009 0.499444 -0.0009
-0.497798 -0.0036 0.497798 -0.0036
-0.495123 -0.0081 0.495123 -0.0081
-0.49153 -0.0144 0.49153 -0.0144
-0.48717 -0.0225 0.48717 -0.0225
-0.482231 -0.0324 0.482231 -0.0324
-0.476927 -0.0441 0.476927 -0.0441
-0.47149 -0.0576 0.47149 -0.0576
-0.46616 -0.0729 0.46616 -0.0729
-0.461176 -0.09 0.461176 -0.09
-0.456762 -0.1089 0.456762 -0.1089
-0.453119 -0.1296 0.453119 -0.1296
-0.450417 -0.1521 0.450417 -0.1521
-0.448783 -0.1764 0.448783 -0.1764
-0.4483 -0.2025 0.4483 -0.2025
-0.448999 -0.2304 0.448999 -0.2304
-0.45086 -0.2601 0.45086 -0.2601
-0.45381 -0.2916 0.45381 -0.2916
-0.457729 -0.3249 0.457729 -0.3249
-0.462449 -0.36 0.462449 -0.36
-0.46777 -0.3969 0.46777 -0.3969
-0.473459 -0.4356 0.473459 -0.4356
-0.479267 -0.4761 0.479267 -0.4761
-0.484938 -0.5184 0.484938 -0.5184
-0.490217 -0.5625 0.490217 -0.5625
-0.494866 -0.6084 0.494866 -0.6084
-0.498674 -0.6561 0.498674 -0.6561
-0.501464 -0.7056 0.501464 -0.7056
-0.503102 -0.7569 0.503102 -0.7569
-0.503506 -0.81 0.503506 -0.81
-0.502646 -0.8649 0.502646 -0.8649
-0.500551 -0.9216 0.500551 -0.9216
-0.4973 -0.9801 0.4973 -0.9801
-0.49303 -1.0404 0.49303 -1.0404
-0.487921 -1.1025 0.487921 -1.1025
-0.482192 -1.1664 0.482192 -1.1664
-0.476092 -1.2321 0.476092 -1.2321
-0.46989 -1.2996 0.46989 -1.2996
-0.463859 -1.3689 0.463859 -1.3689
-0.45827 -1.44 0.45827 -1.44
-0.453375 -1.5129 0.453375 -1.5129
-0.449398 -1.5876 0.449398 -1.5876
-0.446523 -1.6641 0.446523 -1.6641
-0.444888 -1.7424 0.444888 -1.7424
-0.444577 -1.8225 0.444577 -1.8225
-0.445615 -1.9044 0.445615 -1.9044
-0.447969 -1.9881 0.447969 -1.9881
-0.451545 -2.0736 0.451545 -2.0736
-0.456195 -2.1609 0.456195 -2.1609
-0.461722 -2.25 0.461722 -2.25
-0.467888 -2.3409 0.467888 -2.3409
-0.474426 -2.4336 0.474426 -2.4336
-0.481047 -2.5281 0.481047 -2.5281
-0.487458 -2.6244 0.487458 -2.6244
-0.493372 -2.7225 0.493372 -2.7225
-0.498522 -2.8224 0.498522 -2.8224
-0.502673 -2.9241 0.502673 -2.9241
-0.505631 -3.0276 0.505631 -3.0276
-0.507254 -3.1329 0.507254 -3.1329
-0.507457 -3.24 0.507457 -3.24
-0.50622 -3.3489 0.50622 -3.3489
-0.503584 -3.4596 0.503584 -3.4596
-0.499655 -3.5721 0.499655 -3.5721
-0.494595 -3.6864 0.494595 -3.6864
-0.488618 -3.8025 0.488618 -3.8025
-0.481984 -3.9204 0.481984 -3.9204
-0.47498 -4.0401 0.47498 -4.0401
-0.467915 -4.1616 0.467915 -4.1616
-0.461102 -4.2849 0.461102 -4.2849
-0.454846 -4.41 0.454846 -4.41
-0.44943 -4.5369 0.44943 -4.5369
-0.445102 -4.6656 0.445102 -4.6656
-0.442065 -4.7961 0.442065 -4.7961
-0.440465 -4.9284 0.440465 -4.9284
-0.440385 -5.0625 0.440385 -5.0625
-0.441843 -5.1984 0.441843 -5.1984
-0.444787 -5.3361 0.444787 -5.3361
-0.449101 -5.4756 0.449101 -5.4756
-0.454604 -5.6169 0.454604 -5.6169
-0.461062 -5.76 0.461062 -5.76
-0.468197 -5.9049 0.468197 -5.9049
-0.475698 -6.0516 0.475698 -6.0516
-0.483235 -6.2001 0.483235 -6.2001
-0.490473 -6.3504 0.490473 -6.3504
-0.497087 -6.5025 0.497087 -6.5025
-0.502778 -6.6564 0.502778 -6.6564
-0.507286 -6.8121 0.507286 -6.8121
-0.510398 -6.9696 0.510398 -6.9696
-0.511965 -7.1289 0.511965 -7.1289
-0.511903 -7.29 0.511903 -7.29
-0.510201 -7.4529 0.510201 -7.4529
-0.506918 -7.6176 0.506918 -7.6176
-0.502188 -7.7841 0.502188 -7.7841
-0.496208 -7.9524 0.496208 -7.9524
-0.489232 -8.1225 0.489232 -8.1225
-0.481561 -8.2944 0.481561 -8.2944
-0.47353 -8.4681 0.47353 -8.4681
-0.465494 -8.6436 0.465494 -8.6436
-0.457808 -8.8209 0.457808 -8.8209
-0.450819 -9 0.450819 -9
